DATOS COMPLETOS DE LA CONVOLUCIÓN

Señal 1 (original, 3 coeficientes):
[0.5 -1.2 0.8]
q_i = 1, q_f = 14

Señal 2 (original, 50 muestras):
[-0.447949846002843 0.35940535370735 0.310196007947681 -0.674776529610739 -0.762004636883247 -0.00327189603571409 0.919487917032162 -0.319228546667734 0.170535501959555 -0.552376121017726 0.502534118611306 -0.489809769081462 0.0119141033302848 0.398153445313372 0.781806505071597 0.918582850410889 0.0944310599276061 -0.722751114342642 -0.701411988881885 -0.484983491752527 0.681434511967325 -0.491435642056938 0.628569652137633 -0.512950062550021 0.858527246374456 -0.300032468030383 -0.606809499137584 -0.497832284047938 0.232089352293278 -0.0534223021945415 -0.296680985874006 0.661657255792582 0.170528182305449 0.0994472165822791 0.83438732765962 -0.428321962359253 0.514400458221443 0.507458188556991 -0.239108306049287 0.135643281450442 -0.848291420873873 -0.892099762666786 0.0615951060179454 0.558334460204022 0.868021368458366 -0.74018758305254 0.137647321744385 -0.0612187178835883 -0.976195860997517 -0.325754711202237]
q_i = 0, q_f = 15

Señal 1 (punto fijo):
[0.5 -1.20001220703125 0.79998779296875]

Señal 2 (punto fijo, 50 muestras):
[-0.44793701171875 0.359405517578125 0.310211181640625 -0.674774169921875 -0.761993408203125 -0.003265380859375 0.91949462890625 -0.3192138671875 0.1705322265625 -0.5523681640625 0.502532958984375 -0.48980712890625 0.01190185546875 0.398162841796875 0.78179931640625 0.9185791015625 0.09442138671875 -0.722747802734375 -0.701416015625 -0.4849853515625 0.681427001953125 -0.491424560546875 0.628570556640625 -0.512939453125 0.8585205078125 -0.300018310546875 -0.6068115234375 -0.497833251953125 0.232086181640625 -0.053436279296875 -0.29669189453125 0.661651611328125 0.1705322265625 0.099456787109375 0.834381103515625 -0.428314208984375 0.514404296875 0.5074462890625 -0.239105224609375 0.135650634765625 -0.848297119140625 -0.89208984375 0.06158447265625 0.558349609375 0.868011474609375 -0.74017333984375 0.13763427734375 -0.06121826171875 -0.9761962890625 -0.32574462890625]

Resultados de la Convolución:
Resultado Original:
[-0.223974923001422 0.717242492057087 -0.634548297277253 -0.422099191376707 0.676886323449408 0.372948392553448 -0.145933475747659 -1.26561729060103 1.20393234060679 -0.736213500194516 1.05054680609457 -1.28984672368848 0.995756069451941 -0.207068016604825 -0.07734959917602 -0.160353624629775 -0.429638686471986 0.260173451244263 0.592140190712312 0.0210017493078851 0.361567854981187 -1.45142602879128 1.449155206111 -1.40390712748572 1.54765941995736 -1.59060897970456 0.743456009167232 0.239229282516825 0.227995817694098 -0.703484201087555 0.101437751531069 0.644107969189465 -0.946069404497579 0.374415594158667 0.434279549775434 -1.13586800110535 1.43869644606952 -0.706209025474638 -0.316983612715878 0.760718158829958 -0.778204293016896 0.680414448875608 0.422684131510017 -0.508426707252952 -0.186714583201287 -0.965051865513091 1.65146585530193 -0.787936211477088 -0.304517611642944 0.959582703289032 -0.390051035355329 -0.26060376896179]
q_i = 1, q_f = 14

Resultado Punto Fijo:
[-0.223968505859375 0.717232640832663 -0.634529558941722 -0.42212426289916 0.676905695348978 0.372957602143288 -0.145919613540173 -1.26562397740781 1.20391112938523 -0.736192032694817 1.05053871870041 -1.28983703814447 0.99574569426477 -0.207040674984455 -0.077379273250699 -0.160353759303689 -0.42966553196311 0.260171350091696 0.592134134843946 0.0210256855934858 0.361577592790127 -1.45141536183655 1.44913403317332 -1.40389571711421 1.54764263145626 -1.59058954566717 0.743425799533725 0.239253623411059 0.228007258847356 -0.703484915196896 0.101444352418184 0.644111329689622 -0.946073791012168 0.374400852248073 0.434264892712235 -1.13586039841175 1.43867912515998 -0.706214429810643 -0.316977195441723 0.760705342516303 -0.778212238103151 0.680440828204155 0.422683598473668 -0.508388299494982 -0.186753783375025 -0.965038163587451 1.65143276564777 -0.78790158033371 -0.304529741406441 0.959601286798716 -0.390047583729029 -0.260591726750135]

Parámetros Adicionales:
Rango Dinámico: 37.91 dB
SQNR: 93.18 dB
